1	3 
2	5 
3	3 
4	2 
5	6 
6	3 
7	6 
8	1 
9	6 
10	5 
11	4 
12	4 
13	1 
14	6 
15	3 
16	4 
17	4 
18	4 
19	1 
20	1 
21	5 
22	2 
23	3 
24	6 
25	5 
26	6 
27	4 
28	6 
29	2 
30	6 
31	1 
32	3 
33	6 
34	2 
35	4 
36	2 
37	3 
38	4 
39	6 
40	1 
41	6 
42	4 
43	4 
44	1 
45	5 
46	5 
47	2 
48	2 
49	3 
50	5 
51	6 
52	5 
53	4 
54	3 
55	1 
56	5 
57	6 
58	2 
59	2 
60	6 
61	2 
62	5 
63	2 
64	6 
65	1 
66	3 
67	2 
68	6 
69	6 
70	2 
71	3 
72	4 
73	6 
74	4 
75	6 
76	6 
77	2 
78	1 
79	5 
80	3 
81	2 
82	6 
83	5 
84	2 
85	6 
86	2 
87	3 
88	2 
89	6 
90	4 
91	2 
92	4 
93	4 
94	5 
95	5 
96	1 
97	6 
98	3 
99	4 
100	4 
101	6 
102	3 
103	6 
104	1 
105	1 
106	2 
107	3 
108	5 
109	5 
110	5 
111	1 
112	6 
113	5 
114	6 
115	3 
116	6 
117	6 
118	1 
119	3 
120	3 
121	5 
122	6 
123	5 
124	2 
125	3 
126	2 
127	3 
128	6 
129	1 
130	1 
131	6 
132	3 
133	5 
134	5 
135	3 
136	2 
137	2 
138	4 
139	1 
140	1 
141	5 
142	6 
143	5 
144	5 
145	4 
146	6 
147	1 
148	4 
149	3 
150	4 
151	1 
152	2 
153	4 
154	4 
155	1 
156	2 
157	6 
158	2 
159	6 
160	6 
161	2 
162	5 
163	6 
164	5 
165	2 
166	2 
167	6 
168	6 
169	6 
170	6 
171	6 
172	6 
173	6 
174	6 
175	6 
176	10 
177	8 
178	10 
179	9 
180	8 
181	8 
182	7 
183	8 
184	9 
185	7 
186	10 
187	8 
188	8 
189	8 
190	7 
191	8 
192	7 
193	8 
194	7 
195	7 
196	7 
197	10 
198	8 
199	8 
200	8 
201	10 
202	10 
203	7 
204	9 
205	9 
206	9 
207	10 
208	8 
209	10 
210	10 
211	8 
212	8 
213	8 
214	10 
215	9 
216	10 
217	10 
218	8 
219	7 
220	10 
221	7 
222	7 
223	10 
224	7 
225	8 
226	9 
227	7 
228	8 
229	9 
230	9 
231	8 
232	9 
233	9 
234	7 
235	9 
236	10 
237	7 
238	10 
239	7 
240	7 
241	10 
242	9 
243	8 
244	10 
245	10 
246	10 
247	10 
248	7 
249	8 
250	8 
251	9 
252	7 
253	9 
254	7 
255	9 
256	7 
257	7 
258	8 
259	8 
260	10 
261	10 
262	8 
263	7 
264	10 
265	9 
266	7 
267	8 
268	10 
269	7 
270	9 
271	8 
272	9 
273	8 
274	10 
275	9 
276	9 
277	7 
278	7 
279	9 
280	7 
281	9 
282	9 
283	9 
284	7 
285	9 
286	7 
287	7 
288	10 
289	8 
290	9 
291	7 
292	9 
293	8 
294	7 
295	8 
296	7 
297	8 
298	14 
299	17 
300	12 
301	14 
302	15 
303	12 
304	16 
305	12 
306	11 
307	14 
308	14 
309	14 
310	15 
311	13 
312	12 
313	12 
314	14 
315	11 
316	11 
317	14 
318	16 
319	14 
320	11 
321	15 
322	14 
323	15 
324	14 
325	15 
326	14 
327	14 
328	11 
329	17 
330	12 
331	12 
332	12 
333	11 
334	14 
335	17 
336	12 
337	17 
338	15 
339	12 
340	14 
341	15 
342	17 
343	15 
344	17 
345	14 
346	14 
347	13 
348	14 
349	12 
350	11 
351	14 
352	12 
353	14 
354	12 
355	16 
356	16 
357	16 
358	16 
359	17 
360	16 
361	14 
362	12 
363	13 
364	14 
365	13 
366	17 
367	14 
368	17 
369	13 
370	11 
371	14 
372	15 
373	12 
374	11 
375	13 
376	14 
377	17 
378	12 
379	13 
380	13 
381	14 
382	12 
383	14 
384	14 
385	17 
386	16 
387	16 
388	13 
389	17 
390	12 
391	14 
392	14 
393	17 
394	14 
395	15 
396	11 
397	12 
398	14 
399	15 
400	12 
401	11 
402	16 
403	11 
404	15 
405	14 
406	13 
407	16 
408	14 
409	14 
410	17 
411	13 
412	16 
413	16 
414	12 
415	17 
416	13 
417	12 
418	16 
419	16 
420	16 
421	14 
422	13 
423	11 
424	16 
425	12 
426	16 
427	12 
428	11 
429	13 
430	17 
431	11 
432	11 
433	14 
434	17 
435	13 
436	11 
437	15 
438	11 
439	17 
440	17 
441	11 
442	16 
443	13 
444	12 
445	15 
446	17 
447	12 
448	11 
449	12 
450	17 
451	17 
452	14 
453	15 
454	14 
455	15 
456	17 
457	11 
458	12 
459	17 
460	15 
461	17 
462	12 
463	11 
464	14 
465	12 
466	13 
467	14 
468	16 
469	12 
470	16 
471	14 
472	12 
473	11 
474	11 
475	17 
476	12 
477	16 
478	16 
479	14 
480	17 
481	13 
482	13 
483	15 
484	12 
485	15 
486	16 
487	15 
488	13 
489	13 
490	15 
491	15 
492	17 
493	17 
494	16 
495	11 
496	17 
497	13 
498	12 
499	16 
500	15 
501	17 
502	15 
503	11 
504	14 
505	15 
506	14 
507	13 
508	12 
509	11 
510	15 
511	13 
512	11 
513	13 
514	15 
515	17 
516	13 
517	12 
518	14 
519	17 
520	14 
521	12 
522	17 
523	14 
524	16 
525	17 
526	14 
527	13 
528	11 
529	13 
530	13 
531	13 
532	14 
533	12 
534	11 
535	13 
536	12 
537	12 
538	13 
539	12 
540	13 
541	17 
542	18 
543	25 
544	22 
545	22 
546	19 
547	19 
548	24 
549	25 
550	23 
551	22 
552	23 
553	20 
554	21 
555	24 
556	25 
557	21 
558	19 
559	22 
560	21 
561	20 
562	24 
563	21 
564	22 
565	21 
566	25 
567	24 
568	21 
569	19 
570	23 
571	23 
572	22 
573	20 
574	20 
575	25 
576	19 
577	24 
578	25 
579	19 
580	18 
581	21 
582	25 
583	18 
584	22 
585	24 
586	19 
587	20 
588	19 
589	25 
590	19 
591	22 
592	20 
593	20 
594	22 
595	19 
596	24 
597	22 
598	24 
599	25 
600	18 
601	20 
602	19 
603	25 
604	23 
605	25 
606	24 
607	25 
608	25 
609	25 
610	24 
611	25 
612	19 
613	21 
614	23 
615	25 
616	22 
617	22 
618	24 
619	25 
620	18 
621	23 
622	19 
623	23 
624	22 
625	22 
626	24 
627	24 
628	24 
629	21 
630	23 
631	25 
632	23 
633	20 
634	18 
635	22 
636	25 
637	19 
638	24 
639	19 
640	23 
641	24 
642	19 
643	22 
644	20 
645	22 
646	21 
647	22 
648	21 
649	23 
650	18 
651	25 
652	19 
653	21 
654	18 
655	22 
656	18 
657	19 
658	18 
659	22 
660	24 
661	20 
662	24 
663	18 
664	18 
665	19 
666	25 
667	19 
668	24 
669	19 
670	24 
671	25 
672	18 
673	20 
674	25 
675	22 
676	25 
677	20 
678	24 
679	20 
680	18 
681	19 
682	20 
683	22 
684	20 
685	24 
686	20 
687	19 
688	22 
689	18 
690	23 
691	23 
692	22 
693	24 
694	23 
695	19 
696	20 
697	20 
698	18 
699	25 
700	24 
701	21 
702	25 
703	21 
704	21 
705	25 
706	21 
707	19 
708	24 
709	24 
710	25 
711	25 
712	23 
713	18 
714	18 
715	23 
716	23 
717	20 
718	25 
719	19 
720	21 
721	20 
722	20 
723	21 
724	25 
725	25 
726	19 
727	25 
728	21 
729	24 
730	25 
731	18 
732	25 
733	18 
734	18 
735	22 
736	24 
737	24 
738	20 
739	22 
740	24 
741	21 
742	21 
743	22 
744	22 
745	21 
746	25 
747	22 
748	18 
749	21 
750	21 
751	25 
752	22 
753	23 
754	19 
755	22 
756	22 
757	20 
758	22 
759	18 
760	22 
761	18 
762	24 
763	22 
764	24 
765	23 
766	23 
767	18 
768	22 
769	18 
770	25 
771	22 
772	19 
773	19 
774	21 
775	24 
776	25 
777	20 
778	18 
779	21 
780	18 
781	21 
782	21 
783	20 
784	21 
785	18 
786	22 
787	18 
788	25 
789	24 
790	25 
791	22 
792	25 
793	24 
794	25 
795	22 
796	24 
797	24 
798	25 
799	27 
800	29 
801	27 
802	28 
803	27 
804	28 
805	26 
806	28 
807	27 
808	30 
809	30 
810	27 
811	30 
812	29 
813	28 
814	27 
815	28 
816	29 
817	27 
818	27 
819	30 
820	29 
821	30 
822	29 
823	29 
824	27 
825	27 
826	27 
827	30 
828	27 
829	26 
830	29 
831	30 
832	28 
833	27 
834	27 
835	30 
836	30 
837	30 
838	28 
839	29 
840	27 
841	29 
842	27 
843	29 
844	27 
845	27 
846	27 
847	26 
848	27 
849	28 
850	29 
851	27 
852	27 
853	28 
854	30 
855	29 
856	26 
857	27 
858	30 
859	28 
860	26 
861	29 
862	26 
863	30 
864	30 
865	28 
866	29 
867	30 
868	30 
869	26 
870	26 
871	27 
872	28 
873	27 
874	28 
875	30 
876	27 
877	29 
878	30 
879	28 
880	29 
881	27 
882	28 
883	28 
884	27 
885	27 
886	29 
887	30 
888	29 
889	30 
890	27 
891	26 
892	27 
893	28 
894	29 
895	27 
896	29 
897	30 
898	27 
899	29 
900	27 
901	27 
902	30 
903	30 
904	30 
905	27 
906	26 
907	28 
908	29 
909	28 
910	28 
911	28 
912	27 
913	26 
914	30 
915	30 
916	27 
917	26 
918	26 
919	26 
920	29 
921	29 
922	27 
923	30 
924	29 
925	27 
926	26 
927	26 
928	30 
929	27 
930	30 
931	27 
932	30 
933	29 
934	30 
935	27 
936	29 
937	29 
938	29 
939	29 
940	28 
941	29 
942	30 
943	26 
944	27 
945	27 
946	30 
947	29 
948	29 
949	29 
950	26 
951	29 
952	29 
953	28 
954	27 
955	26 
956	27 
957	27 
958	30 
959	26 
960	29 
961	29 
962	29 
963	29 
964	27 
965	28 
966	30 
967	30 
968	26 
969	26 
970	30 
971	26 
972	27 
973	28 
974	26 
975	27 
976	28 
977	29 
978	27 
979	29 
980	29 
981	30 
982	29 
983	29 
984	27 
985	30 
986	29 
987	27 
988	27 
989	29 
990	29 
991	27 
992	30 
993	30 
994	27 
995	27 
996	29 
997	30 
998	27 
999	30 
1000	30 
