============================================================
AUDITORIA DEL PILOTO LFR JERARQUICO
============================================================

Redes revisadas: 27 
Estado OK: 27 
Estado REVISAR/ERROR: 0 

ESTADOS


OK 
27 

RESUMEN POR CONFIGURACION

      configuracion mu1_objetivo mu2_objetivo mu1_global_real.media
1 mu1_0.05_mu2_0.20         0.05          0.2            0.05002819
2 mu1_0.10_mu2_0.20         0.10          0.2            0.09997996
3 mu1_0.20_mu2_0.20         0.20          0.2            0.20039675
4 mu1_0.05_mu2_0.30         0.05          0.3            0.05067127
5 mu1_0.10_mu2_0.30         0.10          0.3            0.09954124
6 mu1_0.20_mu2_0.30         0.20          0.3            0.20041312
7 mu1_0.05_mu2_0.40         0.05          0.4            0.05024971
8 mu1_0.10_mu2_0.40         0.10          0.4            0.09972584
9 mu1_0.20_mu2_0.40         0.20          0.4            0.19957474
  mu1_global_real.min mu1_global_real.max mu2_global_real.media
1          0.04947542          0.05097236             0.1998636
2          0.09878844          0.10071791             0.2001632
3          0.19912791          0.20151787             0.1996751
4          0.05023677          0.05125863             0.2997894
5          0.09923506          0.09986307             0.3002453
6          0.19958699          0.20097835             0.2991948
7          0.04985697          0.05072904             0.3992969
8          0.09901792          0.10052301             0.3996898
9          0.19923845          0.20016249             0.3999731
  mu2_global_real.min mu2_global_real.max misma_micro_global_real.media
1           0.1984160           0.2008676                     0.7501083
2           0.1997515           0.2006968                     0.6998569
3           0.1989312           0.2003738                     0.5999281
4           0.2991271           0.3004676                     0.6495393
5           0.2998760           0.3005673                     0.6002134
6           0.2986111           0.2995354                     0.5003921
7           0.3982382           0.4000816                     0.5504534
8           0.3993115           0.4000000                     0.5005844
9           0.3998172           0.4001846                     0.4004521
  misma_micro_global_real.min misma_micro_global_real.max
1                   0.7487206                   0.7521086
2                   0.6985853                   0.7014601
3                   0.5987617                   0.6005243
4                   0.6490140                   0.6499897
5                   0.5995696                   0.6008890
6                   0.4995837                   0.5008776
7                   0.5497553                   0.5510328
8                   0.4994770                   0.5016705
9                   0.4000203                   0.4008439
  mu1_media_por_nodo.media mu1_media_por_nodo.min mu1_media_por_nodo.max
1               0.05000195             0.04929860             0.05109103
2               0.09959061             0.09841829             0.10033336
3               0.20044248             0.19902920             0.20209439
4               0.05111206             0.05018585             0.05224340
5               0.09934777             0.09917526             0.09960610
6               0.20070156             0.19981106             0.20118392
7               0.05040520             0.04947911             0.05132489
8               0.09955786             0.09920216             0.10020621
9               0.19977711             0.19901672             0.20034354
  mu2_media_por_nodo.media mu2_media_por_nodo.min mu2_media_por_nodo.max
1                0.1998784              0.1981721              0.2011279
2                0.2000609              0.1990724              0.2011531
3                0.1996719              0.1990634              0.2006512
4                0.2997942              0.2984404              0.3006539
5                0.3005670              0.3002934              0.3010588
6                0.2988868              0.2982688              0.2992382
7                0.3992300              0.3980805              0.3998316
8                0.3998712              0.3990956              0.4006690
9                0.3997117              0.3993596              0.3999010
  misma_micro_media_por_nodo.media misma_micro_media_por_nodo.min
1                        0.7501196                      0.7485737
2                        0.7003485                      0.6988267
3                        0.5998856                      0.5986044
4                        0.6490938                      0.6484391
5                        0.6000852                      0.5993351
6                        0.5004116                      0.4995779
7                        0.5503648                      0.5497568
8                        0.5005710                      0.4991248
9                        0.4005112                      0.3997555
  misma_micro_media_por_nodo.max grado_medio_real.media grado_medio_real.min
1                      0.7522117               19.60267             19.44400
2                      0.7025093               19.21133             18.94400
3                      0.6007327               19.70933             19.26400
4                      0.6495260               19.60267             19.42800
5                      0.6005313               19.87000             19.34800
6                      0.5010354               19.39000             19.21600
7                      0.5507429               19.64800             19.57600
8                      0.5017022               19.56200             19.12000
9                      0.4011088               19.54467             19.43400
  grado_medio_real.max microcomunidades.media microcomunidades.min
1             19.82400               28.00000             26.00000
2             19.37600               29.33333             28.00000
3             20.02800               28.33333             26.00000
4             19.70400               27.33333             25.00000
5             20.44800               27.66667             25.00000
6             19.58400               29.00000             28.00000
7             19.75200               27.66667             26.00000
8             19.81200               27.33333             25.00000
9             19.69400               28.00000             26.00000
  microcomunidades.max macrocomunidades.media macrocomunidades.min
1             31.00000                      5                    5
2             30.00000                      5                    5
3             31.00000                      5                    5
4             30.00000                      5                    5
5             30.00000                      5                    5
6             31.00000                      5                    5
7             30.00000                      5                    5
8             29.00000                      5                    5
9             31.00000                      5                    5
  macrocomunidades.max
1                    5
2                    5
3                    5
4                    5
5                    5
6                    5
7                    5
8                    5
9                    5
