1	6 
2	6 
3	5 
4	2 
5	6 
6	6 
7	2 
8	1 
9	1 
10	1 
11	6 
12	5 
13	4 
14	6 
15	1 
16	1 
17	3 
18	1 
19	2 
20	4 
21	5 
22	6 
23	3 
24	1 
25	6 
26	5 
27	2 
28	6 
29	3 
30	2 
31	2 
32	3 
33	2 
34	5 
35	4 
36	6 
37	3 
38	2 
39	6 
40	6 
41	4 
42	2 
43	6 
44	2 
45	5 
46	5 
47	6 
48	2 
49	1 
50	4 
51	5 
52	6 
53	6 
54	2 
55	5 
56	4 
57	6 
58	2 
59	4 
60	2 
61	5 
62	6 
63	1 
64	6 
65	4 
66	4 
67	1 
68	4 
69	6 
70	6 
71	6 
72	4 
73	5 
74	2 
75	6 
76	6 
77	4 
78	6 
79	1 
80	6 
81	5 
82	5 
83	3 
84	5 
85	5 
86	5 
87	2 
88	2 
89	4 
90	6 
91	5 
92	3 
93	1 
94	6 
95	6 
96	6 
97	4 
98	2 
99	2 
100	1 
101	4 
102	4 
103	2 
104	3 
105	6 
106	4 
107	6 
108	3 
109	1 
110	4 
111	6 
112	6 
113	6 
114	3 
115	5 
116	3 
117	2 
118	3 
119	4 
120	3 
121	1 
122	6 
123	6 
124	2 
125	6 
126	6 
127	1 
128	2 
129	5 
130	2 
131	3 
132	4 
133	2 
134	5 
135	5 
136	6 
137	3 
138	2 
139	1 
140	1 
141	1 
142	6 
143	6 
144	1 
145	4 
146	6 
147	3 
148	5 
149	3 
150	4 
151	6 
152	6 
153	3 
154	1 
155	5 
156	2 
157	2 
158	1 
159	3 
160	5 
161	5 
162	3 
163	3 
164	2 
165	3 
166	3 
167	6 
168	3 
169	4 
170	5 
171	5 
172	6 
173	2 
174	6 
175	4 
176	9 
177	7 
178	9 
179	9 
180	9 
181	8 
182	7 
183	9 
184	9 
185	10 
186	9 
187	7 
188	10 
189	10 
190	8 
191	9 
192	9 
193	7 
194	10 
195	9 
196	7 
197	9 
198	7 
199	10 
200	7 
201	8 
202	9 
203	7 
204	10 
205	10 
206	7 
207	10 
208	8 
209	8 
210	7 
211	7 
212	7 
213	9 
214	9 
215	9 
216	10 
217	8 
218	8 
219	7 
220	8 
221	10 
222	10 
223	10 
224	10 
225	9 
226	9 
227	10 
228	9 
229	7 
230	8 
231	10 
232	9 
233	9 
234	7 
235	9 
236	7 
237	7 
238	10 
239	7 
240	10 
241	7 
242	8 
243	7 
244	8 
245	10 
246	7 
247	7 
248	9 
249	8 
250	10 
251	7 
252	7 
253	10 
254	7 
255	9 
256	9 
257	7 
258	7 
259	7 
260	9 
261	9 
262	10 
263	9 
264	9 
265	9 
266	10 
267	9 
268	9 
269	8 
270	8 
271	8 
272	8 
273	8 
274	10 
275	10 
276	7 
277	9 
278	7 
279	10 
280	7 
281	7 
282	8 
283	7 
284	10 
285	8 
286	8 
287	10 
288	8 
289	8 
290	7 
291	7 
292	7 
293	7 
294	9 
295	7 
296	9 
297	9 
298	11 
299	12 
300	14 
301	15 
302	11 
303	12 
304	11 
305	15 
306	11 
307	16 
308	13 
309	16 
310	14 
311	16 
312	11 
313	12 
314	11 
315	13 
316	12 
317	14 
318	15 
319	11 
320	13 
321	15 
322	13 
323	11 
324	11 
325	15 
326	16 
327	13 
328	13 
329	13 
330	15 
331	16 
332	16 
333	15 
334	13 
335	14 
336	11 
337	14 
338	11 
339	13 
340	12 
341	16 
342	11 
343	11 
344	14 
345	11 
346	14 
347	11 
348	14 
349	16 
350	14 
351	13 
352	14 
353	14 
354	11 
355	14 
356	14 
357	12 
358	16 
359	11 
360	15 
361	14 
362	16 
363	15 
364	11 
365	15 
366	16 
367	15 
368	16 
369	14 
370	11 
371	13 
372	12 
373	13 
374	15 
375	16 
376	11 
377	13 
378	14 
379	12 
380	15 
381	15 
382	11 
383	11 
384	11 
385	13 
386	14 
387	15 
388	11 
389	16 
390	13 
391	16 
392	15 
393	15 
394	15 
395	11 
396	13 
397	11 
398	12 
399	11 
400	11 
401	13 
402	13 
403	12 
404	16 
405	15 
406	12 
407	12 
408	14 
409	13 
410	15 
411	15 
412	13 
413	13 
414	13 
415	12 
416	12 
417	16 
418	11 
419	14 
420	12 
421	16 
422	13 
423	16 
424	15 
425	14 
426	12 
427	13 
428	12 
429	11 
430	11 
431	13 
432	14 
433	13 
434	13 
435	15 
436	15 
437	12 
438	13 
439	15 
440	11 
441	15 
442	16 
443	14 
444	14 
445	15 
446	14 
447	13 
448	11 
449	12 
450	11 
451	16 
452	13 
453	11 
454	15 
455	16 
456	16 
457	12 
458	11 
459	13 
460	15 
461	14 
462	12 
463	15 
464	13 
465	14 
466	16 
467	15 
468	14 
469	14 
470	13 
471	12 
472	14 
473	16 
474	16 
475	15 
476	12 
477	12 
478	12 
479	16 
480	15 
481	16 
482	15 
483	15 
484	13 
485	11 
486	12 
487	16 
488	12 
489	15 
490	12 
491	11 
492	13 
493	11 
494	14 
495	14 
496	16 
497	11 
498	12 
499	11 
500	16 
501	16 
502	11 
503	14 
504	13 
505	11 
506	16 
507	15 
508	14 
509	12 
510	15 
511	11 
512	11 
513	14 
514	15 
515	15 
516	13 
517	11 
518	16 
519	12 
520	13 
521	16 
522	16 
523	15 
524	15 
525	16 
526	16 
527	11 
528	16 
529	12 
530	13 
531	13 
532	12 
533	16 
534	13 
535	13 
536	13 
537	14 
538	15 
539	16 
540	13 
541	16 
542	20 
543	23 
544	18 
545	22 
546	18 
547	20 
548	18 
549	17 
550	22 
551	19 
552	22 
553	20 
554	20 
555	18 
556	22 
557	17 
558	22 
559	22 
560	23 
561	23 
562	23 
563	18 
564	22 
565	19 
566	20 
567	20 
568	20 
569	18 
570	18 
571	20 
572	20 
573	20 
574	21 
575	18 
576	19 
577	21 
578	22 
579	19 
580	18 
581	18 
582	18 
583	20 
584	17 
585	19 
586	20 
587	21 
588	19 
589	22 
590	19 
591	20 
592	23 
593	18 
594	21 
595	20 
596	23 
597	20 
598	19 
599	18 
600	20 
601	23 
602	22 
603	21 
604	20 
605	22 
606	17 
607	19 
608	20 
609	17 
610	18 
611	22 
612	21 
613	18 
614	17 
615	17 
616	21 
617	18 
618	18 
619	22 
620	17 
621	18 
622	17 
623	20 
624	20 
625	22 
626	17 
627	23 
628	21 
629	21 
630	22 
631	20 
632	22 
633	19 
634	21 
635	23 
636	19 
637	22 
638	20 
639	22 
640	22 
641	22 
642	20 
643	20 
644	23 
645	21 
646	21 
647	22 
648	19 
649	18 
650	21 
651	20 
652	23 
653	23 
654	23 
655	23 
656	22 
657	20 
658	23 
659	17 
660	21 
661	18 
662	20 
663	23 
664	20 
665	18 
666	22 
667	23 
668	19 
669	22 
670	23 
671	19 
672	19 
673	18 
674	21 
675	18 
676	17 
677	20 
678	23 
679	20 
680	21 
681	18 
682	17 
683	18 
684	17 
685	20 
686	22 
687	22 
688	22 
689	18 
690	20 
691	17 
692	22 
693	17 
694	21 
695	17 
696	18 
697	19 
698	23 
699	22 
700	23 
701	20 
702	21 
703	23 
704	17 
705	22 
706	19 
707	23 
708	23 
709	19 
710	23 
711	19 
712	21 
713	22 
714	23 
715	20 
716	23 
717	20 
718	22 
719	22 
720	17 
721	18 
722	18 
723	18 
724	22 
725	18 
726	23 
727	22 
728	21 
729	18 
730	19 
731	22 
732	21 
733	21 
734	20 
735	20 
736	23 
737	22 
738	18 
739	23 
740	20 
741	18 
742	18 
743	17 
744	23 
745	17 
746	22 
747	21 
748	18 
749	21 
750	18 
751	17 
752	21 
753	23 
754	21 
755	23 
756	18 
757	20 
758	18 
759	22 
760	21 
761	17 
762	23 
763	22 
764	19 
765	23 
766	20 
767	18 
768	21 
769	18 
770	17 
771	17 
772	22 
773	18 
774	18 
775	23 
776	22 
777	22 
778	18 
779	23 
780	18 
781	23 
782	20 
783	18 
784	20 
785	17 
786	18 
787	20 
788	20 
789	22 
790	21 
791	22 
792	17 
793	20 
794	22 
795	22 
796	17 
797	20 
798	22 
799	27 
800	28 
801	27 
802	27 
803	26 
804	29 
805	26 
806	24 
807	27 
808	27 
809	26 
810	28 
811	25 
812	25 
813	29 
814	24 
815	28 
816	25 
817	29 
818	27 
819	26 
820	24 
821	24 
822	24 
823	29 
824	29 
825	27 
826	28 
827	27 
828	25 
829	29 
830	29 
831	26 
832	28 
833	25 
834	29 
835	25 
836	27 
837	28 
838	28 
839	24 
840	26 
841	25 
842	25 
843	28 
844	25 
845	24 
846	24 
847	26 
848	24 
849	27 
850	25 
851	24 
852	29 
853	24 
854	26 
855	28 
856	25 
857	29 
858	27 
859	27 
860	29 
861	25 
862	26 
863	26 
864	25 
865	27 
866	28 
867	26 
868	24 
869	25 
870	27 
871	26 
872	29 
873	26 
874	26 
875	25 
876	28 
877	29 
878	27 
879	24 
880	25 
881	24 
882	28 
883	24 
884	29 
885	25 
886	25 
887	24 
888	29 
889	28 
890	29 
891	26 
892	25 
893	27 
894	26 
895	29 
896	27 
897	26 
898	24 
899	29 
900	24 
901	27 
902	27 
903	28 
904	29 
905	27 
906	29 
907	25 
908	29 
909	24 
910	26 
911	25 
912	27 
913	26 
914	26 
915	28 
916	26 
917	25 
918	26 
919	24 
920	27 
921	26 
922	25 
923	28 
924	24 
925	27 
926	27 
927	26 
928	27 
929	25 
930	24 
931	25 
932	26 
933	26 
934	26 
935	25 
936	24 
937	25 
938	27 
939	29 
940	29 
941	25 
942	25 
943	29 
944	25 
945	26 
946	26 
947	24 
948	28 
949	28 
950	24 
951	29 
952	26 
953	27 
954	26 
955	25 
956	24 
957	26 
958	27 
959	24 
960	26 
961	25 
962	25 
963	27 
964	28 
965	26 
966	27 
967	26 
968	26 
969	29 
970	26 
971	25 
972	28 
973	29 
974	29 
975	24 
976	24 
977	29 
978	29 
979	26 
980	25 
981	27 
982	26 
983	26 
984	25 
985	27 
986	24 
987	27 
988	26 
989	28 
990	29 
991	25 
992	27 
993	27 
994	28 
995	29 
996	29 
997	27 
998	28 
999	25 
1000	27 
