1	18 
2	2 
3	20 
4	3 
5	5 
6	21 
7	26 
8	22 
9	30 
10	21 
11	12 
12	2 
13	30 
14	29 
15	20 
16	11 
17	9 
18	13 
19	24 
20	31 
21	23 
22	12 
23	31 
24	13 
25	13 
26	7 
27	12 
28	25 
29	21 
30	26 
31	14 
32	23 
33	30 
34	27 
35	20 
36	7 
37	15 
38	17 
39	14 
40	29 
41	17 
42	7 
43	26 
44	14 
45	27 
46	24 
47	29 
48	26 
49	11 
50	28 
51	26 
52	30 
53	2 
54	13 
55	13 
56	24 
57	9 
58	29 
59	3 
60	2 
61	16 
62	3 
63	3 
64	14 
65	18 
66	19 
67	8 
68	13 
69	4 
70	1 
71	4 
72	19 
73	10 
74	29 
75	9 
76	5 
77	10 
78	25 
79	11 
80	14 
81	24 
82	3 
83	28 
84	29 
85	14 
86	28 
87	10 
88	4 
89	5 
90	21 
91	27 
92	29 
93	26 
94	3 
95	15 
96	25 
97	18 
98	19 
99	1 
100	30 
101	18 
102	1 
103	19 
104	29 
105	26 
106	21 
107	2 
108	13 
109	13 
110	8 
111	9 
112	29 
113	7 
114	5 
115	16 
116	16 
117	1 
118	13 
119	21 
120	30 
121	3 
122	22 
123	31 
124	27 
125	21 
126	2 
127	4 
128	4 
129	26 
130	24 
131	3 
132	27 
133	4 
134	5 
135	9 
136	26 
137	21 
138	18 
139	24 
140	15 
141	18 
142	23 
143	20 
144	11 
145	1 
146	8 
147	21 
148	26 
149	27 
150	29 
151	28 
152	28 
153	5 
154	8 
155	14 
156	15 
157	18 
158	17 
159	20 
160	30 
161	21 
162	23 
163	10 
164	23 
165	5 
166	14 
167	3 
168	18 
169	15 
170	14 
171	7 
172	18 
173	1 
174	10 
175	19 
176	26 
177	30 
178	17 
179	27 
180	31 
181	17 
182	30 
183	27 
184	17 
185	18 
186	27 
187	6 
188	11 
189	16 
190	12 
191	16 
192	15 
193	15 
194	18 
195	17 
196	8 
197	20 
198	30 
199	31 
200	24 
201	21 
202	30 
203	14 
204	22 
205	15 
206	30 
207	17 
208	1 
209	31 
210	6 
211	31 
212	16 
213	10 
214	1 
215	7 
216	10 
217	4 
218	20 
219	1 
220	18 
221	30 
222	10 
223	8 
224	26 
225	6 
226	8 
227	15 
228	4 
229	16 
230	15 
231	6 
232	23 
233	22 
234	15 
235	28 
236	13 
237	23 
238	27 
239	17 
240	10 
241	28 
242	9 
243	25 
244	5 
245	19 
246	7 
247	30 
248	26 
249	29 
250	6 
251	1 
252	17 
253	19 
254	9 
255	28 
256	3 
257	24 
258	14 
259	17 
260	24 
261	14 
262	17 
263	29 
264	27 
265	3 
266	13 
267	23 
268	5 
269	31 
270	4 
271	19 
272	4 
273	29 
274	28 
275	13 
276	10 
277	12 
278	4 
279	6 
280	24 
281	22 
282	29 
283	1 
284	18 
285	10 
286	1 
287	9 
288	28 
289	6 
290	20 
291	16 
292	24 
293	12 
294	28 
295	20 
296	2 
297	5 
298	4 
299	12 
300	18 
301	22 
302	2 
303	9 
304	30 
305	5 
306	4 
307	22 
308	6 
309	16 
310	18 
311	7 
312	4 
313	2 
314	25 
315	16 
316	29 
317	4 
318	18 
319	21 
320	16 
321	4 
322	18 
323	26 
324	26 
325	2 
326	22 
327	18 
328	8 
329	18 
330	1 
331	2 
332	26 
333	30 
334	14 
335	23 
336	6 
337	15 
338	1 
339	10 
340	27 
341	2 
342	29 
343	24 
344	1 
345	9 
346	26 
347	8 
348	29 
349	16 
350	22 
351	5 
352	5 
353	2 
354	29 
355	19 
356	19 
357	27 
358	27 
359	16 
360	30 
361	15 
362	2 
363	20 
364	14 
365	6 
366	18 
367	1 
368	11 
369	21 
370	6 
371	18 
372	16 
373	31 
374	19 
375	28 
376	19 
377	9 
378	30 
379	7 
380	4 
381	25 
382	16 
383	22 
384	20 
385	28 
386	8 
387	6 
388	21 
389	19 
390	27 
391	19 
392	18 
393	9 
394	13 
395	12 
396	14 
397	3 
398	2 
399	7 
400	22 
401	4 
402	20 
403	3 
404	11 
405	11 
406	26 
407	14 
408	14 
409	22 
410	23 
411	12 
412	7 
413	20 
414	26 
415	5 
416	15 
417	18 
418	2 
419	3 
420	3 
421	15 
422	23 
423	19 
424	20 
425	10 
426	31 
427	31 
428	25 
429	21 
430	27 
431	10 
432	29 
433	17 
434	2 
435	12 
436	3 
437	15 
438	26 
439	18 
440	23 
441	22 
442	20 
443	29 
444	18 
445	8 
446	4 
447	7 
448	23 
449	22 
450	12 
451	9 
452	27 
453	21 
454	13 
455	21 
456	16 
457	17 
458	1 
459	26 
460	30 
461	28 
462	20 
463	30 
464	5 
465	6 
466	12 
467	2 
468	26 
469	11 
470	14 
471	24 
472	12 
473	6 
474	14 
475	13 
476	8 
477	18 
478	1 
479	16 
480	13 
481	10 
482	6 
483	1 
484	26 
485	11 
486	27 
487	9 
488	14 
489	31 
490	11 
491	6 
492	25 
493	7 
494	31 
495	22 
496	27 
497	18 
498	15 
499	6 
500	31 
501	11 
502	14 
503	15 
504	21 
505	12 
506	15 
507	29 
508	31 
509	26 
510	6 
511	15 
512	18 
513	12 
514	22 
515	3 
516	15 
517	14 
518	9 
519	6 
520	12 
521	25 
522	29 
523	13 
524	22 
525	4 
526	26 
527	18 
528	14 
529	21 
530	11 
531	8 
532	8 
533	28 
534	18 
535	29 
536	10 
537	22 
538	29 
539	24 
540	19 
541	10 
542	18 
543	31 
544	23 
545	18 
546	30 
547	2 
548	23 
549	4 
550	27 
551	10 
552	20 
553	30 
554	30 
555	21 
556	1 
557	19 
558	13 
559	22 
560	28 
561	3 
562	29 
563	10 
564	14 
565	26 
566	24 
567	23 
568	1 
569	11 
570	25 
571	15 
572	13 
573	22 
574	17 
575	12 
576	15 
577	11 
578	25 
579	9 
580	14 
581	5 
582	5 
583	26 
584	26 
585	7 
586	13 
587	14 
588	2 
589	25 
590	22 
591	10 
592	13 
593	22 
594	16 
595	23 
596	18 
597	8 
598	29 
599	31 
600	22 
601	7 
602	1 
603	27 
604	1 
605	7 
606	25 
607	18 
608	24 
609	27 
610	7 
611	12 
612	28 
613	25 
614	1 
615	23 
616	23 
617	30 
618	21 
619	12 
620	24 
621	25 
622	9 
623	31 
624	30 
625	2 
626	3 
627	4 
628	15 
629	15 
630	12 
631	1 
632	17 
633	17 
634	18 
635	5 
636	1 
637	26 
638	8 
639	29 
640	23 
641	5 
642	4 
643	3 
644	8 
645	14 
646	22 
647	12 
648	7 
649	22 
650	24 
651	4 
652	10 
653	18 
654	22 
655	24 
656	17 
657	26 
658	5 
659	11 
660	14 
661	19 
662	4 
663	2 
664	11 
665	30 
666	18 
667	18 
668	30 
669	15 
670	4 
671	6 
672	22 
673	7 
674	6 
675	28 
676	9 
677	20 
678	10 
679	9 
680	28 
681	29 
682	10 
683	19 
684	2 
685	14 
686	9 
687	12 
688	5 
689	17 
690	18 
691	4 
692	8 
693	6 
694	17 
695	1 
696	29 
697	19 
698	26 
699	6 
700	30 
701	26 
702	28 
703	16 
704	10 
705	13 
706	29 
707	13 
708	19 
709	29 
710	6 
711	7 
712	31 
713	3 
714	13 
715	18 
716	2 
717	16 
718	14 
719	29 
720	30 
721	7 
722	29 
723	30 
724	7 
725	28 
726	27 
727	27 
728	24 
729	19 
730	26 
731	15 
732	19 
733	16 
734	11 
735	13 
736	2 
737	29 
738	16 
739	17 
740	13 
741	13 
742	1 
743	22 
744	4 
745	17 
746	21 
747	3 
748	31 
749	30 
750	24 
751	4 
752	23 
753	9 
754	7 
755	23 
756	9 
757	4 
758	29 
759	20 
760	17 
761	7 
762	7 
763	2 
764	20 
765	25 
766	13 
767	7 
768	7 
769	4 
770	4 
771	25 
772	7 
773	23 
774	13 
775	25 
776	28 
777	20 
778	8 
779	7 
780	18 
781	7 
782	2 
783	8 
784	29 
785	25 
786	13 
787	6 
788	7 
789	11 
790	22 
791	19 
792	29 
793	25 
794	1 
795	23 
796	31 
797	11 
798	31 
799	18 
800	9 
801	7 
802	18 
803	13 
804	25 
805	24 
806	20 
807	12 
808	22 
809	20 
810	15 
811	13 
812	31 
813	21 
814	5 
815	30 
816	23 
817	4 
818	8 
819	28 
820	22 
821	25 
822	16 
823	19 
824	11 
825	23 
826	14 
827	11 
828	16 
829	11 
830	3 
831	17 
832	27 
833	31 
834	14 
835	2 
836	11 
837	26 
838	31 
839	16 
840	1 
841	23 
842	28 
843	5 
844	11 
845	6 
846	22 
847	9 
848	27 
849	6 
850	1 
851	1 
852	10 
853	1 
854	17 
855	26 
856	9 
857	18 
858	10 
859	16 
860	15 
861	28 
862	12 
863	26 
864	17 
865	18 
866	4 
867	13 
868	28 
869	14 
870	14 
871	22 
872	7 
873	12 
874	17 
875	9 
876	12 
877	12 
878	7 
879	30 
880	17 
881	29 
882	29 
883	30 
884	22 
885	16 
886	7 
887	2 
888	10 
889	29 
890	10 
891	7 
892	10 
893	11 
894	1 
895	23 
896	2 
897	18 
898	29 
899	7 
900	11 
901	12 
902	2 
903	28 
904	26 
905	4 
906	7 
907	4 
908	13 
909	30 
910	30 
911	29 
912	22 
913	6 
914	6 
915	16 
916	9 
917	9 
918	16 
919	15 
920	14 
921	7 
922	30 
923	26 
924	30 
925	6 
926	7 
927	23 
928	4 
929	4 
930	6 
931	26 
932	16 
933	14 
934	1 
935	14 
936	29 
937	22 
938	6 
939	16 
940	1 
941	26 
942	16 
943	23 
944	15 
945	29 
946	14 
947	15 
948	1 
949	30 
950	26 
951	23 
952	26 
953	23 
954	23 
955	23 
956	26 
957	22 
958	29 
959	16 
960	2 
961	26 
962	18 
963	18 
964	1 
965	18 
966	30 
967	26 
968	22 
969	22 
970	26 
971	4 
972	14 
973	16 
974	22 
975	15 
976	15 
977	14 
978	14 
979	18 
980	22 
981	29 
982	30 
983	22 
984	15 
985	15 
986	29 
987	14 
988	30 
989	30 
990	14 
991	55 
992	38 
993	41 
994	40 
995	55 
996	53 
997	35 
998	54 
999	35 
1000	48 
1001	42 
1002	50 
1003	51 
1004	49 
1005	40 
1006	46 
1007	50 
1008	53 
1009	34 
1010	42 
1011	44 
1012	49 
1013	49 
1014	35 
1015	44 
1016	40 
1017	46 
1018	46 
1019	37 
1020	39 
1021	53 
1022	44 
1023	54 
1024	40 
1025	54 
1026	34 
1027	49 
1028	53 
1029	40 
1030	42 
1031	53 
1032	51 
1033	33 
1034	51 
1035	35 
1036	56 
1037	51 
1038	50 
1039	54 
1040	51 
1041	37 
1042	46 
1043	46 
1044	50 
1045	50 
1046	44 
1047	45 
1048	53 
1049	52 
1050	43 
1051	36 
1052	45 
1053	38 
1054	48 
1055	39 
1056	38 
1057	51 
1058	32 
1059	35 
1060	40 
1061	40 
1062	45 
1063	55 
1064	53 
1065	43 
1066	34 
1067	39 
1068	32 
1069	47 
1070	38 
1071	39 
1072	39 
1073	49 
1074	45 
1075	35 
1076	50 
1077	53 
1078	51 
1079	45 
1080	42 
1081	50 
1082	52 
1083	38 
1084	43 
1085	53 
1086	44 
1087	38 
1088	44 
1089	56 
1090	33 
1091	42 
1092	32 
1093	51 
1094	53 
1095	39 
1096	53 
1097	50 
1098	36 
1099	34 
1100	51 
1101	38 
1102	37 
1103	41 
1104	41 
1105	33 
1106	34 
1107	46 
1108	41 
1109	38 
1110	41 
1111	47 
1112	56 
1113	40 
1114	44 
1115	52 
1116	53 
1117	55 
1118	48 
1119	41 
1120	35 
1121	55 
1122	53 
1123	51 
1124	36 
1125	37 
1126	34 
1127	47 
1128	33 
1129	39 
1130	52 
1131	52 
1132	35 
1133	47 
1134	36 
1135	33 
1136	34 
1137	54 
1138	41 
1139	44 
1140	45 
1141	47 
1142	45 
1143	53 
1144	45 
1145	38 
1146	49 
1147	35 
1148	34 
1149	42 
1150	41 
1151	47 
1152	49 
1153	48 
1154	33 
1155	34 
1156	51 
1157	32 
1158	52 
1159	41 
1160	35 
1161	44 
1162	37 
1163	36 
1164	33 
1165	44 
1166	32 
1167	40 
1168	41 
1169	36 
1170	37 
1171	32 
1172	54 
1173	32 
1174	55 
1175	56 
1176	50 
1177	53 
1178	47 
1179	49 
1180	32 
1181	54 
1182	39 
1183	54 
1184	55 
1185	54 
1186	41 
1187	38 
1188	33 
1189	56 
1190	49 
1191	51 
1192	39 
1193	55 
1194	40 
1195	39 
1196	49 
1197	43 
1198	35 
1199	51 
1200	40 
1201	55 
1202	46 
1203	33 
1204	37 
1205	49 
1206	48 
1207	52 
1208	32 
1209	38 
1210	41 
1211	38 
1212	52 
1213	35 
1214	42 
1215	37 
1216	50 
1217	50 
1218	38 
1219	41 
1220	43 
1221	43 
1222	45 
1223	56 
1224	37 
1225	41 
1226	38 
1227	39 
1228	50 
1229	53 
1230	39 
1231	56 
1232	42 
1233	34 
1234	56 
1235	50 
1236	37 
1237	51 
1238	48 
1239	43 
1240	37 
1241	46 
1242	45 
1243	38 
1244	37 
1245	42 
1246	50 
1247	41 
1248	48 
1249	50 
1250	50 
1251	49 
1252	39 
1253	39 
1254	34 
1255	39 
1256	45 
1257	34 
1258	45 
1259	54 
1260	49 
1261	43 
1262	42 
1263	54 
1264	35 
1265	56 
1266	38 
1267	53 
1268	43 
1269	48 
1270	53 
1271	37 
1272	56 
1273	34 
1274	53 
1275	41 
1276	53 
1277	46 
1278	43 
1279	43 
1280	33 
1281	49 
1282	50 
1283	41 
1284	44 
1285	39 
1286	51 
1287	46 
1288	39 
1289	34 
1290	38 
1291	50 
1292	52 
1293	56 
1294	41 
1295	46 
1296	56 
1297	40 
1298	50 
1299	37 
1300	46 
1301	43 
1302	54 
1303	42 
1304	49 
1305	32 
1306	48 
1307	49 
1308	38 
1309	51 
1310	41 
1311	53 
1312	38 
1313	54 
1314	48 
1315	35 
1316	51 
1317	48 
1318	44 
1319	53 
1320	35 
1321	47 
1322	53 
1323	35 
1324	45 
1325	41 
1326	50 
1327	46 
1328	49 
1329	33 
1330	34 
1331	41 
1332	35 
1333	38 
1334	53 
1335	46 
1336	41 
1337	53 
1338	33 
1339	48 
1340	42 
1341	40 
1342	36 
1343	48 
1344	48 
1345	32 
1346	50 
1347	47 
1348	36 
1349	36 
1350	45 
1351	39 
1352	47 
1353	43 
1354	51 
1355	41 
1356	51 
1357	56 
1358	51 
1359	50 
1360	45 
1361	32 
1362	56 
1363	55 
1364	35 
1365	43 
1366	42 
1367	47 
1368	45 
1369	51 
1370	46 
1371	42 
1372	52 
1373	54 
1374	43 
1375	43 
1376	35 
1377	41 
1378	32 
1379	51 
1380	39 
1381	52 
1382	48 
1383	41 
1384	53 
1385	50 
1386	52 
1387	32 
1388	49 
1389	36 
1390	47 
1391	48 
1392	48 
1393	33 
1394	44 
1395	40 
1396	40 
1397	41 
1398	52 
1399	50 
1400	32 
1401	49 
1402	47 
1403	45 
1404	44 
1405	48 
1406	37 
1407	44 
1408	33 
1409	49 
1410	49 
1411	36 
1412	55 
1413	43 
1414	50 
1415	44 
1416	33 
1417	46 
1418	56 
1419	42 
1420	35 
1421	33 
1422	53 
1423	45 
1424	51 
1425	39 
1426	40 
1427	42 
1428	47 
1429	49 
1430	52 
1431	43 
1432	37 
1433	42 
1434	41 
1435	54 
1436	42 
1437	35 
1438	35 
1439	42 
1440	38 
1441	36 
1442	37 
1443	50 
1444	41 
1445	52 
1446	56 
1447	42 
1448	55 
1449	50 
1450	46 
1451	41 
1452	56 
1453	50 
1454	32 
1455	43 
1456	37 
1457	46 
1458	44 
1459	52 
1460	56 
1461	44 
1462	54 
1463	52 
1464	41 
1465	53 
1466	53 
1467	34 
1468	44 
1469	40 
1470	36 
1471	52 
1472	33 
1473	38 
1474	54 
1475	50 
1476	50 
1477	36 
1478	44 
1479	41 
1480	49 
1481	48 
1482	40 
1483	41 
1484	55 
1485	40 
1486	48 
1487	47 
1488	36 
1489	48 
1490	40 
1491	40 
1492	48 
1493	49 
1494	36 
1495	37 
1496	55 
1497	34 
1498	44 
1499	42 
1500	39 
1501	49 
1502	42 
1503	54 
1504	37 
1505	34 
1506	39 
1507	50 
1508	51 
1509	44 
1510	41 
1511	48 
1512	45 
1513	37 
1514	38 
1515	45 
1516	34 
1517	40 
1518	47 
1519	41 
1520	46 
1521	36 
1522	36 
1523	46 
1524	50 
1525	40 
1526	48 
1527	36 
1528	54 
1529	51 
1530	50 
1531	44 
1532	50 
1533	44 
1534	55 
1535	49 
1536	43 
1537	38 
1538	48 
1539	48 
1540	51 
1541	38 
1542	56 
1543	36 
1544	54 
1545	53 
1546	38 
1547	49 
1548	43 
1549	33 
1550	37 
1551	40 
1552	43 
1553	48 
1554	32 
1555	47 
1556	48 
1557	50 
1558	53 
1559	46 
1560	32 
1561	43 
1562	55 
1563	45 
1564	52 
1565	39 
1566	39 
1567	42 
1568	44 
1569	56 
1570	54 
1571	34 
1572	33 
1573	56 
1574	51 
1575	50 
1576	46 
1577	44 
1578	53 
1579	39 
1580	39 
1581	40 
1582	36 
1583	43 
1584	52 
1585	53 
1586	49 
1587	49 
1588	32 
1589	55 
1590	36 
1591	38 
1592	36 
1593	44 
1594	56 
1595	48 
1596	54 
1597	52 
1598	35 
1599	33 
1600	41 
1601	37 
1602	51 
1603	36 
1604	52 
1605	50 
1606	41 
1607	34 
1608	48 
1609	39 
1610	38 
1611	39 
1612	50 
1613	32 
1614	38 
1615	38 
1616	40 
1617	34 
1618	55 
1619	39 
1620	42 
1621	40 
1622	55 
1623	41 
1624	42 
1625	49 
1626	44 
1627	50 
1628	47 
1629	53 
1630	48 
1631	44 
1632	51 
1633	42 
1634	46 
1635	35 
1636	48 
1637	51 
1638	33 
1639	44 
1640	55 
1641	49 
1642	47 
1643	36 
1644	41 
1645	46 
1646	48 
1647	39 
1648	53 
1649	34 
1650	47 
1651	43 
1652	35 
1653	48 
1654	35 
1655	36 
1656	40 
1657	49 
1658	37 
1659	55 
1660	51 
1661	38 
1662	37 
1663	47 
1664	38 
1665	37 
1666	37 
1667	53 
1668	45 
1669	44 
1670	33 
1671	44 
1672	56 
1673	46 
1674	48 
1675	43 
1676	46 
1677	53 
1678	50 
1679	52 
1680	33 
1681	48 
1682	54 
1683	39 
1684	52 
1685	40 
1686	55 
1687	40 
1688	44 
1689	50 
1690	35 
1691	38 
1692	35 
1693	32 
1694	46 
1695	38 
1696	45 
1697	55 
1698	45 
1699	38 
1700	47 
1701	53 
1702	34 
1703	54 
1704	39 
1705	32 
1706	43 
1707	47 
1708	48 
1709	39 
1710	48 
1711	35 
1712	55 
1713	34 
1714	41 
1715	32 
1716	38 
1717	35 
1718	37 
1719	48 
1720	38 
1721	35 
1722	49 
1723	32 
1724	56 
1725	32 
1726	41 
1727	38 
1728	54 
1729	53 
1730	42 
1731	37 
1732	37 
1733	52 
1734	34 
1735	39 
1736	41 
1737	51 
1738	52 
1739	36 
1740	34 
1741	34 
1742	53 
1743	46 
1744	33 
1745	51 
1746	46 
1747	51 
1748	35 
1749	34 
1750	38 
1751	33 
1752	51 
1753	55 
1754	52 
1755	33 
1756	44 
1757	41 
1758	34 
1759	34 
1760	33 
1761	44 
1762	51 
1763	39 
1764	34 
1765	48 
1766	55 
1767	45 
1768	51 
1769	36 
1770	51 
1771	37 
1772	50 
1773	51 
1774	42 
1775	45 
1776	45 
1777	43 
1778	35 
1779	42 
1780	33 
1781	38 
1782	35 
1783	53 
1784	49 
1785	53 
1786	44 
1787	41 
1788	52 
1789	35 
1790	39 
1791	44 
1792	55 
1793	45 
1794	44 
1795	35 
1796	50 
1797	48 
1798	42 
1799	34 
1800	48 
1801	40 
1802	40 
1803	50 
1804	44 
1805	49 
1806	34 
1807	41 
1808	46 
1809	35 
1810	46 
1811	48 
1812	38 
1813	41 
1814	43 
1815	38 
1816	52 
1817	37 
1818	50 
1819	49 
1820	48 
1821	33 
1822	41 
1823	37 
1824	44 
1825	51 
1826	39 
1827	51 
1828	33 
1829	46 
1830	41 
1831	48 
1832	46 
1833	38 
1834	38 
1835	40 
1836	41 
1837	53 
1838	49 
1839	42 
1840	35 
1841	44 
1842	38 
1843	44 
1844	35 
1845	38 
1846	41 
1847	37 
1848	38 
1849	38 
1850	44 
1851	48 
1852	50 
1853	35 
1854	37 
1855	53 
1856	39 
1857	53 
1858	44 
1859	51 
1860	35 
1861	40 
1862	44 
1863	44 
1864	39 
1865	38 
1866	50 
1867	40 
1868	37 
1869	37 
1870	49 
1871	49 
1872	39 
1873	48 
1874	77 
1875	79 
1876	74 
1877	83 
1878	82 
1879	75 
1880	72 
1881	77 
1882	80 
1883	68 
1884	75 
1885	80 
1886	66 
1887	76 
1888	59 
1889	71 
1890	70 
1891	61 
1892	62 
1893	76 
1894	83 
1895	70 
1896	73 
1897	69 
1898	61 
1899	75 
1900	58 
1901	78 
1902	70 
1903	65 
1904	73 
1905	61 
1906	68 
1907	84 
1908	77 
1909	80 
1910	75 
1911	64 
1912	62 
1913	79 
1914	61 
1915	71 
1916	67 
1917	78 
1918	71 
1919	72 
1920	80 
1921	68 
1922	58 
1923	85 
1924	71 
1925	73 
1926	78 
1927	75 
1928	85 
1929	74 
1930	80 
1931	73 
1932	60 
1933	63 
1934	63 
1935	77 
1936	78 
1937	63 
1938	78 
1939	57 
1940	78 
1941	70 
1942	71 
1943	69 
1944	75 
1945	76 
1946	57 
1947	81 
1948	68 
1949	68 
1950	59 
1951	84 
1952	81 
1953	82 
1954	68 
1955	68 
1956	62 
1957	82 
1958	72 
1959	84 
1960	77 
1961	65 
1962	69 
1963	85 
1964	58 
1965	57 
1966	61 
1967	69 
1968	76 
1969	80 
1970	76 
1971	68 
1972	73 
1973	74 
1974	74 
1975	80 
1976	60 
1977	79 
1978	79 
1979	78 
1980	69 
1981	64 
1982	59 
1983	73 
1984	57 
1985	77 
1986	78 
1987	79 
1988	78 
1989	62 
1990	65 
1991	69 
1992	75 
1993	57 
1994	77 
1995	85 
1996	75 
1997	67 
1998	64 
1999	68 
2000	73 
2001	76 
2002	69 
2003	74 
2004	64 
2005	75 
2006	74 
2007	59 
2008	76 
2009	85 
2010	75 
2011	76 
2012	70 
2013	68 
2014	85 
2015	63 
2016	68 
2017	75 
2018	73 
2019	81 
2020	71 
2021	63 
2022	85 
2023	75 
2024	83 
2025	57 
2026	81 
2027	67 
2028	57 
2029	65 
2030	62 
2031	62 
2032	62 
2033	60 
2034	60 
2035	77 
2036	77 
2037	63 
2038	57 
2039	59 
2040	63 
2041	73 
2042	69 
2043	76 
2044	83 
2045	69 
2046	66 
2047	59 
2048	81 
2049	80 
2050	76 
2051	57 
2052	64 
2053	83 
2054	61 
2055	74 
2056	75 
2057	59 
2058	68 
2059	61 
2060	85 
2061	66 
2062	72 
2063	74 
2064	71 
2065	62 
2066	73 
2067	71 
2068	62 
2069	73 
2070	79 
2071	81 
2072	58 
2073	67 
2074	83 
2075	63 
2076	65 
2077	67 
2078	61 
2079	83 
2080	74 
2081	63 
2082	68 
2083	69 
2084	80 
2085	69 
2086	70 
2087	62 
2088	82 
2089	57 
2090	59 
2091	67 
2092	66 
2093	72 
2094	80 
2095	79 
2096	81 
2097	64 
2098	66 
2099	60 
2100	59 
2101	75 
2102	72 
2103	85 
2104	73 
2105	74 
2106	60 
2107	64 
2108	65 
2109	70 
2110	66 
2111	80 
2112	79 
2113	58 
2114	75 
2115	78 
2116	59 
2117	65 
2118	60 
2119	76 
2120	63 
2121	61 
2122	78 
2123	74 
2124	61 
2125	70 
2126	80 
2127	63 
2128	83 
2129	65 
2130	61 
2131	70 
2132	58 
2133	85 
2134	60 
2135	77 
2136	69 
2137	61 
2138	60 
2139	74 
2140	67 
2141	76 
2142	83 
2143	77 
2144	82 
2145	78 
2146	72 
2147	76 
2148	67 
2149	74 
2150	61 
2151	84 
2152	63 
2153	66 
2154	77 
2155	77 
2156	80 
2157	70 
2158	66 
2159	84 
2160	61 
2161	79 
2162	77 
2163	71 
2164	78 
2165	78 
2166	64 
2167	67 
2168	71 
2169	60 
2170	82 
2171	79 
2172	61 
2173	84 
2174	71 
2175	68 
2176	81 
2177	74 
2178	70 
2179	62 
2180	79 
2181	72 
2182	73 
2183	70 
2184	71 
2185	72 
2186	75 
2187	69 
2188	59 
2189	78 
2190	60 
2191	81 
2192	68 
2193	83 
2194	62 
2195	76 
2196	80 
2197	75 
2198	69 
2199	71 
2200	78 
2201	62 
2202	65 
2203	85 
2204	75 
2205	82 
2206	81 
2207	76 
2208	69 
2209	73 
2210	69 
2211	77 
2212	62 
2213	59 
2214	75 
2215	82 
2216	73 
2217	57 
2218	62 
2219	79 
2220	65 
2221	68 
2222	72 
2223	57 
2224	68 
2225	82 
2226	76 
2227	66 
2228	63 
2229	75 
2230	76 
2231	66 
2232	61 
2233	75 
2234	82 
2235	81 
2236	82 
2237	79 
2238	77 
2239	80 
2240	82 
2241	67 
2242	76 
2243	59 
2244	73 
2245	82 
2246	78 
2247	80 
2248	63 
2249	73 
2250	72 
2251	58 
2252	71 
2253	85 
2254	63 
2255	84 
2256	67 
2257	78 
2258	69 
2259	64 
2260	77 
2261	59 
2262	68 
2263	63 
2264	70 
2265	70 
2266	70 
2267	69 
2268	79 
2269	60 
2270	84 
2271	74 
2272	79 
2273	75 
2274	80 
2275	69 
2276	75 
2277	75 
2278	64 
2279	64 
2280	73 
2281	57 
2282	66 
2283	68 
2284	79 
2285	70 
2286	84 
2287	84 
2288	66 
2289	66 
2290	72 
2291	70 
2292	64 
2293	81 
2294	71 
2295	77 
2296	58 
2297	83 
2298	84 
2299	58 
2300	80 
2301	81 
2302	83 
2303	82 
2304	68 
2305	84 
2306	65 
2307	79 
2308	77 
2309	85 
2310	80 
2311	77 
2312	73 
2313	62 
2314	83 
2315	68 
2316	79 
2317	58 
2318	61 
2319	63 
2320	67 
2321	60 
2322	85 
2323	61 
2324	65 
2325	67 
2326	72 
2327	60 
2328	74 
2329	81 
2330	83 
2331	83 
2332	65 
2333	65 
2334	67 
2335	58 
2336	74 
2337	77 
2338	83 
2339	64 
2340	57 
2341	79 
2342	78 
2343	83 
2344	67 
2345	85 
2346	80 
2347	66 
2348	66 
2349	58 
2350	74 
2351	80 
2352	57 
2353	77 
2354	81 
2355	77 
2356	81 
2357	73 
2358	83 
2359	74 
2360	59 
2361	81 
2362	76 
2363	58 
2364	82 
2365	80 
2366	85 
2367	69 
2368	77 
2369	65 
2370	68 
2371	61 
2372	80 
2373	69 
2374	79 
2375	77 
2376	74 
2377	80 
2378	71 
2379	58 
2380	74 
2381	77 
2382	72 
2383	60 
2384	77 
2385	57 
2386	61 
2387	77 
2388	79 
2389	75 
2390	66 
2391	82 
2392	71 
2393	74 
2394	81 
2395	63 
2396	75 
2397	83 
2398	65 
2399	59 
2400	64 
2401	73 
2402	80 
2403	81 
2404	83 
2405	73 
2406	85 
2407	84 
2408	78 
2409	57 
2410	72 
2411	84 
2412	61 
2413	66 
2414	59 
2415	83 
2416	83 
2417	77 
2418	67 
2419	67 
2420	82 
2421	80 
2422	66 
2423	80 
2424	57 
2425	74 
2426	82 
2427	57 
2428	65 
2429	82 
2430	75 
2431	57 
2432	61 
2433	83 
2434	75 
2435	60 
2436	74 
2437	84 
2438	83 
2439	75 
2440	66 
2441	57 
2442	81 
2443	72 
2444	74 
2445	84 
2446	85 
2447	84 
2448	57 
2449	60 
2450	65 
2451	67 
2452	68 
2453	75 
2454	59 
2455	72 
2456	79 
2457	61 
2458	60 
2459	74 
2460	72 
2461	73 
2462	73 
2463	70 
2464	81 
2465	83 
2466	58 
2467	59 
2468	63 
2469	75 
2470	63 
2471	81 
2472	66 
2473	66 
2474	85 
2475	71 
2476	73 
2477	62 
2478	65 
2479	84 
2480	66 
2481	80 
2482	62 
2483	75 
2484	68 
2485	64 
2486	77 
2487	61 
2488	75 
2489	62 
2490	82 
2491	66 
2492	66 
2493	80 
2494	78 
2495	62 
2496	80 
2497	61 
2498	69 
2499	82 
2500	77 
2501	59 
2502	81 
2503	58 
2504	80 
2505	66 
2506	61 
2507	84 
2508	58 
2509	79 
2510	66 
2511	58 
2512	71 
2513	73 
2514	82 
2515	82 
2516	72 
2517	83 
2518	70 
2519	81 
2520	78 
2521	75 
2522	69 
2523	64 
2524	81 
2525	57 
2526	76 
2527	67 
2528	59 
2529	61 
2530	73 
2531	67 
2532	62 
2533	66 
2534	73 
2535	73 
2536	83 
2537	68 
2538	72 
2539	63 
2540	77 
2541	84 
2542	66 
2543	80 
2544	83 
2545	79 
2546	59 
2547	83 
2548	76 
2549	75 
2550	62 
2551	59 
2552	68 
2553	64 
2554	77 
2555	81 
2556	75 
2557	68 
2558	82 
2559	82 
2560	71 
2561	66 
2562	69 
2563	85 
2564	84 
2565	68 
2566	57 
2567	78 
2568	76 
2569	64 
2570	82 
2571	61 
2572	62 
2573	64 
2574	73 
2575	57 
2576	83 
2577	77 
2578	58 
2579	73 
2580	84 
2581	83 
2582	77 
2583	66 
2584	74 
2585	77 
2586	68 
2587	78 
2588	61 
2589	82 
2590	58 
2591	62 
2592	61 
2593	71 
2594	60 
2595	70 
2596	80 
2597	81 
2598	64 
2599	67 
2600	73 
2601	65 
2602	82 
2603	85 
2604	76 
2605	66 
2606	73 
2607	80 
2608	70 
2609	77 
2610	65 
2611	59 
2612	75 
2613	74 
2614	65 
2615	83 
2616	75 
2617	65 
2618	59 
2619	66 
2620	66 
2621	62 
2622	82 
2623	69 
2624	69 
2625	67 
2626	74 
2627	67 
2628	71 
2629	66 
2630	80 
2631	63 
2632	82 
2633	66 
2634	73 
2635	69 
2636	66 
2637	81 
2638	71 
2639	73 
2640	81 
2641	77 
2642	80 
2643	84 
2644	73 
2645	82 
2646	71 
2647	69 
2648	67 
2649	69 
2650	81 
2651	66 
2652	68 
2653	75 
2654	64 
2655	72 
2656	76 
2657	63 
2658	60 
2659	83 
2660	78 
2661	74 
2662	69 
2663	78 
2664	68 
2665	72 
2666	65 
2667	84 
2668	84 
2669	83 
2670	62 
2671	73 
2672	77 
2673	70 
2674	61 
2675	62 
2676	74 
2677	85 
2678	61 
2679	84 
2680	59 
2681	62 
2682	62 
2683	79 
2684	58 
2685	78 
2686	84 
2687	70 
2688	73 
2689	73 
2690	67 
2691	74 
2692	81 
2693	81 
2694	57 
2695	72 
2696	74 
2697	74 
2698	57 
2699	67 
2700	60 
2701	82 
2702	57 
2703	58 
2704	83 
2705	83 
2706	82 
2707	72 
2708	73 
2709	59 
2710	67 
2711	84 
2712	60 
2713	62 
2714	58 
2715	81 
2716	67 
2717	65 
2718	59 
2719	78 
2720	74 
2721	73 
2722	81 
2723	61 
2724	84 
2725	60 
2726	72 
2727	58 
2728	73 
2729	72 
2730	61 
2731	72 
2732	60 
2733	58 
2734	69 
2735	81 
2736	72 
2737	60 
2738	74 
2739	65 
2740	83 
2741	65 
2742	68 
2743	66 
2744	57 
2745	59 
2746	81 
2747	62 
2748	75 
2749	84 
2750	60 
2751	69 
2752	60 
2753	58 
2754	58 
2755	60 
2756	58 
2757	77 
2758	83 
2759	61 
2760	75 
2761	72 
2762	73 
2763	83 
2764	61 
2765	75 
2766	81 
2767	74 
2768	81 
2769	84 
2770	72 
2771	81 
2772	75 
2773	57 
2774	66 
2775	59 
2776	69 
2777	60 
2778	67 
2779	62 
2780	84 
2781	80 
2782	83 
2783	81 
2784	80 
2785	57 
2786	69 
2787	80 
2788	69 
2789	69 
2790	80 
2791	74 
2792	82 
2793	60 
2794	83 
2795	69 
2796	75 
2797	61 
2798	75 
2799	66 
2800	81 
2801	74 
2802	66 
2803	81 
2804	61 
2805	62 
2806	61 
2807	83 
2808	61 
2809	80 
2810	75 
2811	83 
2812	81 
2813	62 
2814	77 
2815	84 
2816	69 
2817	62 
2818	75 
2819	57 
2820	77 
2821	61 
2822	83 
2823	73 
2824	69 
2825	57 
2826	81 
2827	74 
2828	62 
2829	80 
2830	83 
2831	69 
2832	81 
2833	74 
2834	57 
2835	66 
2836	73 
2837	57 
2838	84 
2839	84 
2840	62 
2841	61 
2842	75 
2843	74 
2844	74 
2845	57 
2846	84 
2847	96 
2848	94 
2849	86 
2850	98 
2851	88 
2852	99 
2853	100 
2854	86 
2855	87 
2856	105 
2857	99 
2858	99 
2859	103 
2860	98 
2861	105 
2862	86 
2863	97 
2864	86 
2865	99 
2866	99 
2867	94 
2868	99 
2869	104 
2870	86 
2871	87 
2872	99 
2873	103 
2874	90 
2875	94 
2876	102 
2877	95 
2878	105 
2879	91 
2880	90 
2881	100 
2882	94 
2883	101 
2884	92 
2885	86 
2886	106 
2887	88 
2888	104 
2889	97 
2890	94 
2891	103 
2892	103 
2893	103 
2894	88 
2895	103 
2896	98 
2897	100 
2898	90 
2899	87 
2900	95 
2901	105 
2902	100 
2903	87 
2904	106 
2905	101 
2906	103 
2907	93 
2908	102 
2909	97 
2910	96 
2911	100 
2912	93 
2913	105 
2914	95 
2915	89 
2916	93 
2917	86 
2918	94 
2919	97 
2920	98 
2921	89 
2922	104 
2923	89 
2924	94 
2925	91 
2926	88 
2927	86 
2928	90 
2929	97 
2930	89 
2931	96 
2932	101 
2933	92 
2934	100 
2935	102 
2936	99 
2937	88 
2938	97 
2939	93 
2940	98 
2941	106 
2942	86 
2943	106 
2944	86 
2945	106 
2946	88 
2947	101 
2948	101 
2949	89 
2950	102 
2951	89 
2952	93 
2953	97 
2954	103 
2955	90 
2956	88 
2957	90 
2958	96 
2959	102 
2960	94 
2961	88 
2962	88 
2963	95 
2964	99 
2965	86 
2966	87 
2967	99 
2968	89 
2969	103 
2970	89 
2971	96 
2972	98 
2973	104 
2974	97 
2975	89 
2976	99 
2977	94 
2978	92 
2979	102 
2980	92 
2981	102 
2982	99 
2983	90 
2984	97 
2985	89 
2986	93 
2987	97 
2988	98 
2989	102 
2990	103 
2991	94 
2992	87 
2993	92 
2994	87 
2995	102 
2996	100 
2997	104 
2998	91 
2999	104 
3000	89 
3001	94 
3002	91 
3003	89 
3004	96 
3005	88 
3006	94 
3007	95 
3008	86 
3009	103 
3010	97 
3011	90 
3012	87 
3013	87 
3014	106 
3015	100 
3016	99 
3017	93 
3018	94 
3019	98 
3020	104 
3021	88 
3022	99 
3023	92 
3024	103 
3025	98 
3026	94 
3027	88 
3028	86 
3029	101 
3030	104 
3031	97 
3032	105 
3033	89 
3034	98 
3035	90 
3036	87 
3037	87 
3038	86 
3039	86 
3040	104 
3041	103 
3042	98 
3043	99 
3044	89 
3045	92 
3046	92 
3047	88 
3048	96 
3049	94 
3050	97 
3051	94 
3052	98 
3053	101 
3054	99 
3055	94 
3056	97 
3057	99 
3058	99 
3059	90 
3060	99 
3061	98 
3062	97 
3063	92 
3064	87 
3065	87 
3066	102 
3067	94 
3068	97 
3069	87 
3070	91 
3071	89 
3072	103 
3073	88 
3074	104 
3075	90 
3076	98 
3077	92 
3078	99 
3079	106 
3080	99 
3081	97 
3082	93 
3083	91 
3084	97 
3085	98 
3086	92 
3087	90 
3088	86 
3089	88 
3090	87 
3091	87 
3092	92 
3093	87 
3094	87 
3095	105 
3096	97 
3097	90 
3098	87 
3099	102 
3100	90 
3101	105 
3102	105 
3103	87 
3104	87 
3105	100 
3106	96 
3107	87 
3108	102 
3109	103 
3110	102 
3111	91 
3112	99 
3113	103 
3114	91 
3115	89 
3116	101 
3117	88 
3118	86 
3119	100 
3120	94 
3121	93 
3122	106 
3123	93 
3124	89 
3125	100 
3126	92 
3127	99 
3128	104 
3129	102 
3130	88 
3131	104 
3132	93 
3133	91 
3134	88 
3135	102 
3136	88 
3137	97 
3138	102 
3139	92 
3140	102 
3141	100 
3142	100 
3143	95 
3144	106 
3145	102 
3146	89 
3147	89 
3148	99 
3149	99 
3150	100 
3151	94 
3152	94 
3153	95 
3154	95 
3155	89 
3156	106 
3157	96 
3158	86 
3159	94 
3160	101 
3161	86 
3162	105 
3163	93 
3164	100 
3165	100 
3166	93 
3167	95 
3168	93 
3169	102 
3170	103 
3171	98 
3172	87 
3173	92 
3174	101 
3175	90 
3176	103 
3177	97 
3178	93 
3179	91 
3180	99 
3181	93 
3182	105 
3183	95 
3184	86 
3185	102 
3186	92 
3187	94 
3188	97 
3189	91 
3190	89 
3191	91 
3192	105 
3193	106 
3194	100 
3195	105 
3196	95 
3197	97 
3198	99 
3199	99 
3200	101 
3201	93 
3202	92 
3203	100 
3204	91 
3205	87 
3206	92 
3207	102 
3208	87 
3209	86 
3210	95 
3211	100 
3212	96 
3213	105 
3214	89 
3215	106 
3216	105 
3217	94 
3218	92 
3219	105 
3220	106 
3221	103 
3222	103 
3223	97 
3224	102 
3225	93 
3226	106 
3227	104 
3228	100 
3229	95 
3230	101 
3231	97 
3232	102 
3233	91 
3234	95 
3235	105 
3236	88 
3237	96 
3238	95 
3239	98 
3240	99 
3241	96 
3242	103 
3243	99 
3244	87 
3245	97 
3246	87 
3247	102 
3248	90 
3249	92 
3250	104 
3251	95 
3252	99 
3253	86 
3254	105 
3255	87 
3256	87 
3257	102 
3258	98 
3259	99 
3260	91 
3261	100 
3262	105 
3263	94 
3264	87 
3265	91 
3266	87 
3267	92 
3268	106 
3269	106 
3270	101 
3271	86 
3272	101 
3273	97 
3274	97 
3275	87 
3276	96 
3277	93 
3278	100 
3279	101 
3280	99 
3281	105 
3282	94 
3283	87 
3284	101 
3285	94 
3286	98 
3287	92 
3288	90 
3289	89 
3290	92 
3291	104 
3292	101 
3293	98 
3294	93 
3295	91 
3296	95 
3297	95 
3298	86 
3299	94 
3300	103 
3301	86 
3302	92 
3303	87 
3304	89 
3305	103 
3306	93 
3307	100 
3308	99 
3309	94 
3310	92 
3311	97 
3312	97 
3313	103 
3314	105 
3315	103 
3316	102 
3317	96 
3318	91 
3319	89 
3320	100 
3321	95 
3322	95 
3323	102 
3324	99 
3325	92 
3326	102 
3327	106 
3328	92 
3329	95 
3330	96 
3331	98 
3332	99 
3333	99 
3334	86 
3335	95 
3336	87 
3337	88 
3338	90 
3339	87 
3340	100 
3341	96 
3342	103 
3343	92 
3344	104 
3345	103 
3346	94 
3347	105 
3348	97 
3349	97 
3350	89 
3351	93 
3352	93 
3353	103 
3354	87 
3355	86 
3356	94 
3357	93 
3358	106 
3359	89 
3360	106 
3361	97 
3362	105 
3363	101 
3364	100 
3365	99 
3366	105 
3367	94 
3368	92 
3369	95 
3370	89 
3371	104 
3372	91 
3373	104 
3374	93 
3375	91 
3376	106 
3377	101 
3378	106 
3379	97 
3380	88 
3381	96 
3382	95 
3383	100 
3384	93 
3385	87 
3386	106 
3387	94 
3388	96 
3389	102 
3390	100 
3391	102 
3392	90 
3393	91 
3394	101 
3395	93 
3396	96 
3397	105 
3398	92 
3399	86 
3400	93 
3401	93 
3402	103 
3403	93 
3404	89 
3405	100 
3406	97 
3407	90 
3408	101 
3409	86 
3410	93 
3411	96 
3412	102 
3413	99 
3414	96 
3415	96 
3416	104 
3417	104 
3418	93 
3419	99 
3420	89 
3421	87 
3422	96 
3423	106 
3424	94 
3425	91 
3426	104 
3427	102 
3428	99 
3429	90 
3430	104 
3431	90 
3432	101 
3433	96 
3434	94 
3435	87 
3436	90 
3437	105 
3438	93 
3439	104 
3440	87 
3441	104 
3442	98 
3443	86 
3444	97 
3445	89 
3446	106 
3447	99 
3448	99 
3449	102 
3450	101 
3451	104 
3452	105 
3453	88 
3454	95 
3455	89 
3456	106 
3457	104 
3458	99 
3459	94 
3460	99 
3461	100 
3462	97 
3463	100 
3464	100 
3465	90 
3466	96 
3467	99 
3468	95 
3469	89 
3470	100 
3471	105 
3472	104 
3473	92 
3474	87 
3475	93 
3476	103 
3477	88 
3478	97 
3479	96 
3480	89 
3481	99 
3482	106 
3483	97 
3484	106 
3485	94 
3486	94 
3487	99 
3488	97 
3489	94 
3490	92 
3491	87 
3492	106 
3493	94 
3494	86 
3495	106 
3496	106 
3497	93 
3498	94 
3499	104 
3500	88 
3501	95 
3502	95 
3503	102 
3504	93 
3505	87 
3506	94 
3507	106 
3508	96 
3509	103 
3510	97 
3511	93 
3512	93 
3513	103 
3514	86 
3515	106 
3516	104 
3517	96 
3518	92 
3519	92 
3520	103 
3521	87 
3522	103 
3523	94 
3524	97 
3525	94 
3526	106 
3527	102 
3528	102 
3529	97 
3530	103 
3531	106 
3532	104 
3533	96 
3534	104 
3535	103 
3536	94 
3537	97 
3538	92 
3539	96 
3540	103 
3541	106 
3542	92 
3543	103 
3544	94 
3545	100 
3546	99 
3547	93 
3548	86 
3549	94 
3550	93 
3551	100 
3552	87 
3553	106 
3554	87 
3555	102 
3556	89 
3557	102 
3558	89 
3559	94 
3560	99 
3561	87 
3562	102 
3563	103 
3564	97 
3565	89 
3566	103 
3567	102 
3568	119 
3569	126 
3570	113 
3571	110 
3572	108 
3573	118 
3574	129 
3575	127 
3576	129 
3577	126 
3578	126 
3579	119 
3580	107 
3581	107 
3582	112 
3583	114 
3584	120 
3585	112 
3586	116 
3587	125 
3588	122 
3589	116 
3590	109 
3591	124 
3592	120 
3593	120 
3594	115 
3595	112 
3596	115 
3597	124 
3598	111 
3599	110 
3600	128 
3601	119 
3602	117 
3603	122 
3604	109 
3605	119 
3606	122 
3607	114 
3608	121 
3609	107 
3610	126 
3611	107 
3612	118 
3613	129 
3614	129 
3615	129 
3616	117 
3617	129 
3618	125 
3619	109 
3620	128 
3621	128 
3622	114 
3623	126 
3624	108 
3625	118 
3626	125 
3627	122 
3628	111 
3629	126 
3630	122 
3631	108 
3632	111 
3633	115 
3634	111 
3635	114 
3636	113 
3637	117 
3638	113 
3639	125 
3640	126 
3641	110 
3642	119 
3643	116 
3644	122 
3645	125 
3646	113 
3647	113 
3648	113 
3649	119 
3650	122 
3651	110 
3652	109 
3653	108 
3654	127 
3655	114 
3656	119 
3657	117 
3658	107 
3659	110 
3660	107 
3661	107 
3662	108 
3663	110 
3664	114 
3665	124 
3666	124 
3667	112 
3668	114 
3669	118 
3670	120 
3671	126 
3672	108 
3673	112 
3674	107 
3675	108 
3676	116 
3677	123 
3678	108 
3679	118 
3680	117 
3681	110 
3682	119 
3683	116 
3684	120 
3685	125 
3686	109 
3687	120 
3688	125 
3689	124 
3690	118 
3691	126 
3692	114 
3693	115 
3694	124 
3695	111 
3696	123 
3697	107 
3698	117 
3699	124 
3700	116 
3701	111 
3702	111 
3703	123 
3704	129 
3705	110 
3706	122 
3707	128 
3708	123 
3709	118 
3710	109 
3711	124 
3712	116 
3713	107 
3714	118 
3715	116 
3716	124 
3717	115 
3718	120 
3719	111 
3720	116 
3721	122 
3722	120 
3723	119 
3724	109 
3725	127 
3726	118 
3727	128 
3728	123 
3729	123 
3730	109 
3731	129 
3732	124 
3733	120 
3734	114 
3735	111 
3736	127 
3737	119 
3738	121 
3739	115 
3740	129 
3741	112 
3742	122 
3743	118 
3744	107 
3745	112 
3746	111 
3747	108 
3748	120 
3749	113 
3750	109 
3751	111 
3752	122 
3753	124 
3754	113 
3755	113 
3756	126 
3757	118 
3758	124 
3759	117 
3760	115 
3761	118 
3762	118 
3763	128 
3764	114 
3765	118 
3766	108 
3767	125 
3768	109 
3769	127 
3770	125 
3771	120 
3772	119 
3773	129 
3774	113 
3775	113 
3776	112 
3777	125 
3778	121 
3779	117 
3780	121 
3781	113 
3782	128 
3783	113 
3784	112 
3785	120 
3786	116 
3787	125 
3788	113 
3789	112 
3790	118 
3791	124 
3792	122 
3793	111 
3794	127 
3795	108 
3796	117 
3797	118 
3798	125 
3799	129 
3800	128 
3801	121 
3802	107 
3803	113 
3804	124 
3805	122 
3806	110 
3807	127 
3808	108 
3809	127 
3810	116 
3811	128 
3812	114 
3813	110 
3814	128 
3815	113 
3816	127 
3817	113 
3818	114 
3819	122 
3820	114 
3821	127 
3822	122 
3823	110 
3824	108 
3825	109 
3826	108 
3827	116 
3828	126 
3829	121 
3830	124 
3831	114 
3832	122 
3833	126 
3834	128 
3835	117 
3836	115 
3837	125 
3838	112 
3839	122 
3840	123 
3841	109 
3842	124 
3843	121 
3844	120 
3845	128 
3846	122 
3847	118 
3848	112 
3849	111 
3850	121 
3851	115 
3852	121 
3853	113 
3854	113 
3855	127 
3856	121 
3857	121 
3858	122 
3859	118 
3860	116 
3861	116 
3862	108 
3863	124 
3864	118 
3865	115 
3866	118 
3867	114 
3868	118 
3869	114 
3870	107 
3871	126 
3872	107 
3873	117 
3874	126 
3875	114 
3876	118 
3877	125 
3878	120 
3879	128 
3880	114 
3881	119 
3882	119 
3883	121 
3884	113 
3885	107 
3886	118 
3887	107 
3888	107 
3889	114 
3890	115 
3891	129 
3892	126 
3893	114 
3894	126 
3895	108 
3896	126 
3897	110 
3898	124 
3899	111 
3900	115 
3901	112 
3902	121 
3903	118 
3904	124 
3905	125 
3906	116 
3907	116 
3908	120 
3909	124 
3910	107 
3911	129 
3912	125 
3913	110 
3914	116 
3915	108 
3916	125 
3917	116 
3918	122 
3919	123 
3920	109 
3921	123 
3922	112 
3923	117 
3924	120 
3925	118 
3926	127 
3927	118 
3928	126 
3929	125 
3930	126 
3931	118 
3932	123 
3933	112 
3934	119 
3935	116 
3936	128 
3937	122 
3938	114 
3939	111 
3940	127 
3941	127 
3942	118 
3943	117 
3944	107 
3945	107 
3946	108 
3947	123 
3948	120 
3949	113 
3950	113 
3951	125 
3952	126 
3953	119 
3954	113 
3955	127 
3956	111 
3957	126 
3958	107 
3959	109 
3960	124 
3961	125 
3962	113 
3963	108 
3964	109 
3965	120 
3966	112 
3967	109 
3968	112 
3969	114 
3970	119 
3971	107 
3972	108 
3973	113 
3974	126 
3975	129 
3976	108 
3977	117 
3978	123 
3979	120 
3980	110 
3981	110 
3982	123 
3983	127 
3984	120 
3985	114 
3986	122 
3987	127 
3988	124 
3989	110 
3990	116 
3991	114 
3992	124 
3993	114 
3994	111 
3995	111 
3996	107 
3997	118 
3998	122 
3999	127 
4000	113 
4001	122 
4002	120 
4003	109 
4004	111 
4005	114 
4006	115 
4007	123 
4008	111 
4009	129 
4010	107 
4011	119 
4012	121 
4013	120 
4014	110 
4015	129 
4016	115 
4017	117 
4018	119 
4019	128 
4020	119 
4021	116 
4022	124 
4023	118 
4024	111 
4025	111 
4026	122 
4027	119 
4028	114 
4029	129 
4030	128 
4031	109 
4032	123 
4033	113 
4034	113 
4035	110 
4036	122 
4037	107 
4038	111 
4039	113 
4040	118 
4041	119 
4042	108 
4043	113 
4044	120 
4045	108 
4046	110 
4047	117 
4048	122 
4049	109 
4050	124 
4051	107 
4052	128 
4053	120 
4054	109 
4055	126 
4056	109 
4057	124 
4058	129 
4059	107 
4060	121 
4061	123 
4062	127 
4063	113 
4064	125 
4065	122 
4066	123 
4067	125 
4068	107 
4069	107 
4070	113 
4071	109 
4072	113 
4073	107 
4074	121 
4075	122 
4076	113 
4077	110 
4078	119 
4079	109 
4080	114 
4081	107 
4082	109 
4083	117 
4084	112 
4085	122 
4086	119 
4087	125 
4088	124 
4089	120 
4090	107 
4091	127 
4092	121 
4093	109 
4094	128 
4095	129 
4096	123 
4097	113 
4098	121 
4099	111 
4100	113 
4101	108 
4102	126 
4103	117 
4104	128 
4105	115 
4106	107 
4107	124 
4108	114 
4109	107 
4110	125 
4111	108 
4112	120 
4113	114 
4114	119 
4115	126 
4116	107 
4117	114 
4118	127 
4119	110 
4120	123 
4121	121 
4122	121 
4123	122 
4124	123 
4125	128 
4126	129 
4127	125 
4128	113 
4129	121 
4130	118 
4131	123 
4132	111 
4133	117 
4134	126 
4135	115 
4136	115 
4137	123 
4138	125 
4139	118 
4140	125 
4141	113 
4142	125 
4143	111 
4144	121 
4145	128 
4146	126 
4147	124 
4148	114 
4149	110 
4150	124 
4151	120 
4152	119 
4153	126 
4154	121 
4155	126 
4156	125 
4157	115 
4158	126 
4159	121 
4160	115 
4161	121 
4162	117 
4163	112 
4164	115 
4165	124 
4166	111 
4167	127 
4168	122 
4169	113 
4170	114 
4171	122 
4172	118 
4173	112 
4174	112 
4175	111 
4176	126 
4177	120 
4178	109 
4179	115 
4180	114 
4181	124 
4182	114 
4183	121 
4184	114 
4185	116 
4186	117 
4187	107 
4188	125 
4189	108 
4190	122 
4191	112 
4192	114 
4193	128 
4194	125 
4195	125 
4196	112 
4197	123 
4198	113 
4199	125 
4200	128 
4201	121 
4202	128 
4203	118 
4204	117 
4205	112 
4206	113 
4207	118 
4208	107 
4209	116 
4210	114 
4211	114 
4212	119 
4213	124 
4214	119 
4215	108 
4216	122 
4217	121 
4218	114 
4219	125 
4220	111 
4221	107 
4222	113 
4223	124 
4224	107 
4225	112 
4226	126 
4227	117 
4228	128 
4229	121 
4230	113 
4231	122 
4232	124 
4233	111 
4234	108 
4235	123 
4236	107 
4237	122 
4238	118 
4239	110 
4240	122 
4241	117 
4242	107 
4243	126 
4244	119 
4245	111 
4246	110 
4247	127 
4248	113 
4249	122 
4250	113 
4251	110 
4252	113 
4253	118 
4254	108 
4255	119 
4256	128 
4257	110 
4258	107 
4259	113 
4260	122 
4261	110 
4262	111 
4263	114 
4264	119 
4265	123 
4266	107 
4267	120 
4268	128 
4269	114 
4270	128 
4271	113 
4272	124 
4273	110 
4274	125 
4275	120 
4276	114 
4277	107 
4278	107 
4279	121 
4280	122 
4281	125 
4282	114 
4283	122 
4284	110 
4285	107 
4286	107 
4287	121 
4288	107 
4289	111 
4290	113 
4291	125 
4292	122 
4293	120 
4294	125 
4295	110 
4296	126 
4297	125 
4298	118 
4299	126 
4300	121 
4301	118 
4302	119 
4303	121 
4304	110 
4305	107 
4306	110 
4307	111 
4308	126 
4309	126 
4310	110 
4311	121 
4312	107 
4313	110 
4314	126 
4315	120 
4316	120 
4317	118 
4318	124 
4319	124 
4320	114 
4321	118 
4322	124 
4323	110 
4324	126 
4325	118 
4326	114 
4327	110 
4328	121 
4329	110 
4330	126 
4331	125 
4332	126 
4333	125 
4334	145 
4335	139 
4336	147 
4337	140 
4338	145 
4339	134 
4340	144 
4341	141 
4342	141 
4343	136 
4344	146 
4345	143 
4346	141 
4347	137 
4348	130 
4349	133 
4350	142 
4351	140 
4352	138 
4353	135 
4354	144 
4355	135 
4356	142 
4357	137 
4358	133 
4359	132 
4360	141 
4361	146 
4362	142 
4363	132 
4364	146 
4365	131 
4366	132 
4367	138 
4368	145 
4369	135 
4370	135 
4371	133 
4372	137 
4373	134 
4374	130 
4375	138 
4376	132 
4377	130 
4378	142 
4379	142 
4380	137 
4381	138 
4382	134 
4383	139 
4384	143 
4385	142 
4386	134 
4387	134 
4388	145 
4389	140 
4390	145 
4391	147 
4392	135 
4393	143 
4394	142 
4395	145 
4396	140 
4397	135 
4398	131 
4399	139 
4400	146 
4401	141 
4402	140 
4403	134 
4404	133 
4405	135 
4406	139 
4407	137 
4408	146 
4409	146 
4410	144 
4411	138 
4412	141 
4413	133 
4414	130 
4415	145 
4416	142 
4417	138 
4418	141 
4419	130 
4420	145 
4421	138 
4422	131 
4423	133 
4424	141 
4425	134 
4426	137 
4427	130 
4428	141 
4429	146 
4430	145 
4431	140 
4432	136 
4433	130 
4434	135 
4435	130 
4436	147 
4437	146 
4438	141 
4439	147 
4440	141 
4441	130 
4442	136 
4443	141 
4444	139 
4445	141 
4446	144 
4447	136 
4448	146 
4449	132 
4450	147 
4451	132 
4452	133 
4453	145 
4454	138 
4455	138 
4456	131 
4457	143 
4458	142 
4459	143 
4460	133 
4461	142 
4462	147 
4463	146 
4464	147 
4465	136 
4466	146 
4467	137 
4468	133 
4469	140 
4470	139 
4471	136 
4472	140 
4473	143 
4474	139 
4475	131 
4476	145 
4477	139 
4478	136 
4479	137 
4480	139 
4481	137 
4482	135 
4483	130 
4484	137 
4485	145 
4486	147 
4487	142 
4488	139 
4489	136 
4490	139 
4491	136 
4492	132 
4493	138 
4494	133 
4495	143 
4496	135 
4497	138 
4498	139 
4499	137 
4500	140 
4501	145 
4502	140 
4503	140 
4504	131 
4505	137 
4506	142 
4507	142 
4508	140 
4509	134 
4510	147 
4511	132 
4512	141 
4513	147 
4514	142 
4515	137 
4516	147 
4517	140 
4518	145 
4519	146 
4520	132 
4521	131 
4522	130 
4523	132 
4524	136 
4525	132 
4526	141 
4527	139 
4528	132 
4529	141 
4530	132 
4531	135 
4532	135 
4533	145 
4534	142 
4535	136 
4536	135 
4537	132 
4538	141 
4539	133 
4540	132 
4541	138 
4542	145 
4543	134 
4544	145 
4545	133 
4546	140 
4547	147 
4548	132 
4549	130 
4550	131 
4551	145 
4552	142 
4553	140 
4554	136 
4555	134 
4556	136 
4557	135 
4558	138 
4559	141 
4560	143 
4561	147 
4562	146 
4563	133 
4564	133 
4565	146 
4566	132 
4567	144 
4568	141 
4569	138 
4570	146 
4571	140 
4572	146 
4573	137 
4574	132 
4575	141 
4576	147 
4577	133 
4578	136 
4579	147 
4580	134 
4581	142 
4582	142 
4583	134 
4584	138 
4585	130 
4586	131 
4587	132 
4588	142 
4589	143 
4590	134 
4591	133 
4592	140 
4593	130 
4594	131 
4595	146 
4596	139 
4597	135 
4598	130 
4599	134 
4600	132 
4601	140 
4602	146 
4603	139 
4604	143 
4605	139 
4606	145 
4607	137 
4608	130 
4609	130 
4610	145 
4611	142 
4612	133 
4613	146 
4614	134 
4615	143 
4616	130 
4617	142 
4618	138 
4619	147 
4620	146 
4621	139 
4622	133 
4623	140 
4624	140 
4625	132 
4626	134 
4627	131 
4628	142 
4629	132 
4630	137 
4631	137 
4632	132 
4633	146 
4634	143 
4635	130 
4636	142 
4637	143 
4638	146 
4639	138 
4640	132 
4641	143 
4642	130 
4643	143 
4644	139 
4645	139 
4646	130 
4647	132 
4648	144 
4649	146 
4650	144 
4651	142 
4652	145 
4653	130 
4654	136 
4655	142 
4656	134 
4657	136 
4658	134 
4659	132 
4660	139 
4661	132 
4662	136 
4663	134 
4664	140 
4665	145 
4666	131 
4667	147 
4668	147 
4669	139 
4670	132 
4671	132 
4672	130 
4673	133 
4674	146 
4675	136 
4676	143 
4677	137 
4678	139 
4679	146 
4680	132 
4681	136 
4682	130 
4683	130 
4684	134 
4685	132 
4686	141 
4687	145 
4688	131 
4689	130 
4690	139 
4691	142 
4692	142 
4693	135 
4694	140 
4695	141 
4696	146 
4697	142 
4698	137 
4699	134 
4700	136 
4701	146 
4702	144 
4703	142 
4704	131 
4705	134 
4706	132 
4707	143 
4708	141 
4709	131 
4710	131 
4711	144 
4712	141 
4713	144 
4714	137 
4715	132 
4716	131 
4717	144 
4718	146 
4719	139 
4720	144 
4721	131 
4722	135 
4723	139 
4724	137 
4725	131 
4726	139 
4727	133 
4728	133 
4729	145 
4730	133 
4731	144 
4732	138 
4733	135 
4734	146 
4735	138 
4736	137 
4737	143 
4738	134 
4739	136 
4740	132 
4741	137 
4742	132 
4743	130 
4744	133 
4745	146 
4746	133 
4747	140 
4748	142 
4749	139 
4750	142 
4751	144 
4752	132 
4753	135 
4754	139 
4755	136 
4756	146 
4757	133 
4758	135 
4759	142 
4760	141 
4761	144 
4762	146 
4763	140 
4764	145 
4765	134 
4766	138 
4767	135 
4768	138 
4769	132 
4770	134 
4771	138 
4772	146 
4773	144 
4774	145 
4775	134 
4776	140 
4777	144 
4778	142 
4779	134 
4780	139 
4781	134 
4782	147 
4783	135 
4784	132 
4785	147 
4786	137 
4787	145 
4788	146 
4789	144 
4790	133 
4791	143 
4792	130 
4793	143 
4794	130 
4795	130 
4796	130 
4797	137 
4798	146 
4799	131 
4800	135 
4801	139 
4802	135 
4803	143 
4804	137 
4805	135 
4806	141 
4807	135 
4808	138 
4809	141 
4810	131 
4811	132 
4812	136 
4813	132 
4814	142 
4815	132 
4816	146 
4817	131 
4818	135 
4819	141 
4820	132 
4821	130 
4822	145 
4823	137 
4824	146 
4825	142 
4826	146 
4827	130 
4828	144 
4829	136 
4830	145 
4831	142 
4832	132 
4833	136 
4834	143 
4835	132 
4836	130 
4837	130 
4838	133 
4839	144 
4840	134 
4841	146 
4842	143 
4843	147 
4844	144 
4845	139 
4846	130 
4847	137 
4848	132 
4849	132 
4850	133 
4851	146 
4852	130 
4853	142 
4854	132 
4855	143 
4856	144 
4857	144 
4858	132 
4859	140 
4860	144 
4861	136 
4862	137 
4863	130 
4864	140 
4865	135 
4866	141 
4867	146 
4868	143 
4869	139 
4870	140 
4871	147 
4872	141 
4873	138 
4874	132 
4875	145 
4876	143 
4877	132 
4878	141 
4879	141 
4880	147 
4881	142 
4882	141 
4883	134 
4884	140 
4885	136 
4886	146 
4887	145 
4888	141 
4889	145 
4890	147 
4891	144 
4892	136 
4893	142 
4894	137 
4895	136 
4896	140 
4897	134 
4898	145 
4899	130 
4900	136 
4901	140 
4902	147 
4903	145 
4904	143 
4905	132 
4906	141 
4907	139 
4908	141 
4909	137 
4910	132 
4911	134 
4912	141 
4913	133 
4914	131 
4915	140 
4916	142 
4917	132 
4918	146 
4919	134 
4920	139 
4921	147 
4922	147 
4923	146 
4924	144 
4925	134 
4926	134 
4927	144 
4928	147 
4929	141 
4930	142 
4931	133 
4932	137 
4933	137 
4934	143 
4935	132 
4936	136 
4937	136 
4938	133 
4939	144 
4940	139 
4941	140 
4942	146 
4943	139 
4944	133 
4945	143 
4946	136 
4947	132 
4948	144 
4949	136 
4950	140 
4951	132 
4952	143 
4953	132 
4954	139 
4955	145 
4956	145 
4957	133 
4958	140 
4959	140 
4960	137 
4961	147 
4962	143 
4963	133 
4964	134 
4965	132 
4966	144 
4967	132 
4968	130 
4969	147 
4970	146 
4971	147 
4972	140 
4973	136 
4974	139 
4975	132 
4976	142 
4977	147 
4978	137 
4979	142 
4980	140 
4981	146 
4982	139 
4983	143 
4984	141 
4985	137 
4986	130 
4987	139 
4988	134 
4989	147 
4990	145 
4991	140 
4992	139 
4993	133 
4994	147 
4995	147 
4996	132 
4997	133 
4998	142 
4999	142 
5000	137 
